19006
19007
19008
19009
19010
19012
19022
19023
19029
19025
19039
19040
1271
19041
19042
19043
19044
19045
19046
19047
19048
18891
18892
18896
18897
18898
18899
18901
18902
18903
18905
18929
18933
18926
18970
18957
18945
18935
18932
18930
18639
18911
18912
18913
18914
18918
18919
18920
18917
18916
18915
19067
18947
18948
18949
18950
18951
19904
1210
19559
19348
19318
19319
19317
18635
18633
18634
11745
19591
19631
19878
18890
19627
18636
19160
18933
18961
19558
19801
19521
18961
19064
19095
19330
19331
19137
19528
19421
19422
19423
19424
2487
18638
19114
19115
19116
19117
19118
19119
19120
18947
18948
18949
18950
19488
18946
19096
19136
3026
19142
19515
19138
19139
19140
19064
19065
19066
19137
19528
19558
19036
19037
19038
18971
18970
18972
18946
11745
19317
19318
19319
19942
18641
18870
11712
18644
18964
18965
18966
2054
19352
19553
19514
19469
19554
19068
19069
18953
18954
19472