1000
1001
1002
1003
1004
1005
1006
1007
1011
1012
1014
1015
1016
1017
1030
1031
1036
1039
1040
1041
1047
1048
1049
1050
1051
1052
1056
1057
1058
1060
1062
1063
1116
1115
1138
1139
1140
1141
1146
1147
1148
1149
1150
1151
1152
1153
1154
1155
1156
1157
1158
1159
1160
1161
1162
1163
1164
1165
1166
1167
1168
1169
1170
1171
1172
1173
1174
1175
1176
1177
1178
1179
1185
1188
1025
1066
1065
19314
1013
1024
1028
1032
1033
1034
1035
1038
1099
1042
1046
1053
1054
1055
1061
1067
1068
1088
1091
1101
1106
1109
1110
1121
1122
1123
1124
1125
1128
1130
1131
1080
1142
1143
1144
1145
1111
1112
1100
1019
1104
1018
18659
19310
19311
19309
19308
19419
19797
19917
18694